44 42
45 372
49 48
63 1538
63 1643
63 3544
63 3274
67 12
70 51
73 78
73 80
76 3630
76 92
85 92
90 3
90 91
109 3561
118 44
118 71
118 121
122 42
137 76
138 48
142 138
142 150
148 828
149 138
154 768
161 183
163 167
165 69
165 97
175 12
175 173
177 3526
188 165
188 72
191 191
191 85
204 2670
212 335
237 228
240 42
240 164
248 43
265 2
265 194
265 3
265 272
270 252
272 2
277 647
281 273
290 72
291 217
293 267
295 325
296 268
297 247
300 319
300 263
302 302
302 245
306 303
308 277
309 194
309 193
316 164
316 193
317 228
317 228
317 442
318 240
320 263
320 244
320 245
320 209
322 234
323 209
324 252
330 73
332 334
335 3409
335 539
336 252
357 307
359 307
362 330
362 69
368 263
368 353
369 261
372 3718
372 2
375 179
376 54
377 378
378 377
378 294
380 373
380 280
381 2
385 191
385 191
388 382
391 44
391 54
394 385
400 2
400 2
400 2
400 2
400 3
400 3
400 3
400 3
400 2
400 2
400 2
400 2
400 3
400 3
400 2
400 2
400 2
400 2
413 3655
414 373
415 54
415 377
419 160
424 294
424 380
424 241
424 317
425 36
425 363
430 294
430 1429
430 294
432 261
432 2
432 338
432 116
432 162
433 151
434 339
434 339
434 227
434 228
434 294
434 380
434 380
435 317
436 455
436 276
437 381
437 419
437 69
441 343
441 345
441 347
441 3
441 2
441 2
441 373
441 277
442 2
442 429
442 2
443 2405
443 228
443 373
443 88
443 87
443 416
443 312
443 130
443 228
446 442
446 317
446 433
454 479
454 478
454 1001
455 446
455 361
455 415
456 2982
458 369
458 353
458 308
465 834
469 531
475 498
477 1122
478 1119
480 1693
481 1838
489 306
500 470
500 3280
503 992
518 472
521 1195
529 471
543 580
548 552
554 3977
564 931
582 3180
583 1765
583 1878
595 83
595 609
595 587
595 666
609 595
625 627
629 2894
633 605
633 1888
643 1846
643 645
645 717
645 2079
646 3978
648 751
650 1999
656 451
659 318
659 595
677 2171
687 686
693 3888
701 159
703 709
703 704
703 705
705 1295
705 744
706 3089
708 624
711 3286
711 709
712 238
714 705
715 686
716 790
716 793
717 2079
721 966
726 736
726 727
728 1328
730 728
731 821
737 726
758 649
760 711
761 23
765 763
781 2913
782 1219
784 3368
785 3381
789 1744
789 1751
791 1080
792 1055
801 1080
807 740
807 1995
807 746
807 943
814 131
825 828
828 822
829 683
831 656
831 921
836 985
836 1123
836 1236
836 1000
836 466
842 3928
843 851
846 3539
852 644
853 789
889 811
894 656
895 954
895 852
913 916
916 910
916 916
916 910
916 813
917 901
925 1239
925 1240
932 1108
939 933
951 670
954 852
985 732
987 836
990 570
991 1093
1005 833
1008 2942
1012 3401
1015 1658
1034 2898
1037 1032
1230 1080
1234 311
1245 679
1251 789
1270 1467
1270 1080
1276 1333
1306 1898
1312 1312
1312 1514
1328 1400
1329 1399
1334 1333
1343 834
1381 1393
1389 1418
1408 1408
1439 1521
1480 1348
1524 1500
1534 1548
1545 1294
1613 679
1626 1665
1628 354
1650 1154
1661 1702
1672 1532
1699 991
1742 1761
1754 1683
1817 1671
1899 1042
1903 3659
1919 1040
1919 1040
1966 311
1977 1976
1980 1408
2012 44
2025 2051
2026 2002
2050 2029
2073 414
2073 728
2086 280
2087 54
2101 2099
2101 2100
2118 451
2170 2162
2214 2212
2239 2240
2239 2117
2242 2217
2242 2168
2244 2179
2258 2247
2259 2179
2264 2123
2265 2248
2269 2216
2269 2123
2276 2275
2291 1248
2291 2265
2292 2265
2292 2246
2296 2295
2298 2267
2298 2284
2299 3039
2301 2272
2308 2216
2311 2305
2330 2268
2330 354
2331 2265
2332 2308
2338 380
2341 2424
2348 2347
2348 2348
2352 2762
2353 2762
2353 2568
2353 2605
2354 2274
2354 2330
2365 2337
2372 2243
2375 2315
2378 2462
2378 2374
2378 2223
2379 2366
2387 589
2391 354
2397 2361
2397 2359
2409 2357
2410 2342
2421 2375
2422 2305
2422 2259
2430 2366
2434 2300
2435 2377
2446 2606
2458 2223
2473 294
2483 2249
2490 2479
2490 2387
2491 2481
2494 354
2503 2536
2503 2337
2503 3598
2503 3598
2503 2493
2503 2290
2503 3550
2503 2281
2505 354
2506 2406
2506 2381
2513 2532
2513 2412
2513 2343
2514 3046
2514 2302
2522 2346
2523 2387
2524 2508
2535 380
2535 294
2536 2244
2536 2383
2536 2506
2536 1629
2536 1629
2537 2369
2541 2404
2541 2405
2541 2517
2541 2303
2541 2362
2543 2469
2546 2536
2547 2319
2547 2467
2547 1629
2549 2369
2551 1217
2551 2275
2553 2389
2553 2296
2553 3587
2553 2526
2553 2276
2554 2497
2554 2483
2554 2530
2554 2508
2558 2528
2558 2529
2558 2368
2558 2392
2558 2494
2558 2495
2558 2383
2558 2381
2559 2258
2559 1509
2559 2511
2559 12
2559 2281
2560 792
2560 2340
2564 2179
2564 2318
2571 2265
2571 2567
2571 1324
2571 3063
2573 2577
2578 2318
2580 2446
2580 2877
2580 2446
2587 2570
2605 2569
2607 358
2607 2176
2608 2317
2608 2427
2608 2246
2610 2412
2612 2508
2614 2331
2614 2525
2617 2344
2618 2613
2620 2623
2621 2613
2621 2343
2621 2612
2621 2504
2624 2348
2624 2506
2626 2179
2626 2561
2626 2586
2637 354
2639 2420
2639 2623
2639 1234
2643 2319
2651 3596
2651 2425
2651 2468
2651 173
2651 341
2651 2430
2651 358
2651 2630
2651 2695
2651 354
2651 2443
2651 2497
2651 2498
2651 2499
2651 2500
2653 2348
2653 2468
2653 2653
2653 2179
2653 2290
2653 1731
2653 2562
2653 2668
2656 354
2658 63
2658 67
2659 1373
2659 354
2659 2119
2659 2298
2660 44
2660 2308
2665 837
2665 838
2665 191
2665 191
2665 2248
2665 2372
2665 2297
2665 2223
2665 2174
2665 2181
2665 2312
2667 269
2677 2010
2677 2010
2677 679
2677 1786
2677 679
2677 1786
2677 2183
2678 354
2710 2158
2719 2718
2732 2734
2732 2718
2733 2362
2733 2538
2734 2362
2734 2240
2738 2564
2738 2744
2738 2594
2739 2592
2740 2158
2741 2564
2744 2158
2745 2766
2745 2167
2745 2159
2752 2564
2753 540
2753 2753
2753 2159
2755 2159
2755 2669
2755 2345
2755 2341
2758 2250
2758 2380
2761 2574
2761 200
2761 2391
2761 2528
2761 2368
2761 354
2763 2512
2763 2480
2766 3433
2766 3434
2771 2760
2771 2767
2771 2707
2771 2708
2775 2774
2775 2171
2789 2151
2789 3169
2796 2229
2798 2809
2803 2806
2823 2219
2829 781
2838 197
2843 2512
2849 2854
2858 2486
2858 2009
2858 415
2874 2872
2874 2863
2875 2875
2877 3300
2890 2761
2895 2832
2895 1247
2895 2574
2895 2763
2895 2512
2895 2302
2895 2517
2895 2581
2895 2841
2895 2716
2895 2348
2896 3489
2896 8136
2896 2650
2896 2179
2896 2430
2927 966
2934 160
2935 159
2984 2486
2993 2943
2994 285
2997 3006
2998 2983
3013 2833
3013 2832
3015 2381
3016 2390
3021 2559
3025 3328
3026 2399
3026 2272
3040 2655
3045 3025
3057 686
3057 3025
3077 3079
3079 121
3079 2462
3079 2504
3080 71
3080 3014
3080 3015
3082 2916
3099 2981
3101 2219
3104 44
3119 2381
3121 987
3130 3134
3156 2380
3156 50
3156 873
3185 1045
3185 2763
3259 857
3262 2003
3266 1570
3268 2777
3272 3073
3272 3037
3274 2654
3274 3074
3274 2504
3283 3270
3289 2841
3298 3300
3316 783
3320 2381
3323 3049
3326 3047
3328 2666
3329 3050
3330 2514
3343 2762
3343 2765
3358 3369
3368 784
3389 198
3389 234
3402 2410
3412 3410
3419 3095
3447 3160
3452 1486
3460 1012
3465 1626
3491 1723
3501 2007
3515 330
3521 267
3524 3935
3524 3937
3528 1012
3536 3644
3536 3649
3544 2254
3545 2228
3550 2425
3557 2442
3557 3563
3557 203
3559 3332
3582 2527
3585 2225
3586 67
3586 242
3586 241
3586 2503
3588 3150
3592 3076
3592 3331
3594 2257
3594 442
3594 2641
3618 3
3619 3
3619 3
3621 3
3621 3
3621 3
3621 3
3621 3616
3622 3
3622 3
3622 3
3623 3
3623 3
3623 3
3624 3
3624 3
3624 3
3624 3
3625 3
3625 3
3626 3
3626 3
3626 3
3626 3
3626 3
3626 3
3626 3
3626 3
3626 3
3626 3
3627 3
3627 3
3627 3
3627 3
3627 3
3627 3
3627 3657
3628 42
3628 3600
3639 2403
3654 412
3654 413
3659 3
3661 1
3666 3663
3666 3635
3666 3658
3696 3693
3717 350
3717 228
3719 3673
3719 3730
3732 3676
3736 749
3744 1484
3744 1487
3748 3280
3758 3783
3762 3760
3764 3657
3776 3696
3776 2831
3776 3271
3795 690
3799 721
3808 3286
3820 3857
3830 3659
3842 3906
3845 3871
3851 3906
3851 3907
3854 3701
3862 697
3871 3877
3961 3967
3963 3941
3965 3966
3967 3
3975 3935
3978 3658
3978 3135
3978 3660
3978 3668
3978 1975
3978 3076
3978 768
3978 761
3978 3736
3978 3873
3978 3783
3978 3669
